[General]
adjustedVolume=0.5099999904632568
activationThreshold=0.05000000074505806
